Perfil_N;Pico_1_detrend;Pico_2_detrend;Media_Z_detrend;MPD_Perfil
1;0.355027;0.358816;-0.000000;0.356922
2;0.422824;0.285926;0.000000;0.354375
3;0.383787;0.274972;0.000000;0.329379
4;0.342685;0.259528;-0.000000;0.301107
5;0.278021;0.269775;-0.000000;0.273898
6;0.266151;0.303531;0.000000;0.284841
7;0.303514;0.349111;-0.000000;0.326313
8;0.265075;0.438101;0.000000;0.351588
9;0.260396;0.412611;-0.000000;0.336503
10;0.261798;0.517558;-0.000000;0.389678
11;0.277358;0.557229;-0.000000;0.417294
12;0.339077;0.455406;-0.000000;0.397241
13;0.365277;0.491053;-0.000000;0.428165
14;0.373327;0.440188;-0.000000;0.406758
15;0.433879;0.463393;-0.000000;0.448636
16;0.501134;0.450381;-0.000000;0.475757
17;0.515546;0.526154;0.000000;0.520850
18;0.413501;0.493852;0.000000;0.453676
19;0.334967;0.477533;-0.000000;0.406250
20;0.413186;0.506309;-0.000000;0.459748
21;0.470515;0.578047;-0.000000;0.524281
22;0.440873;0.558107;0.000000;0.499490
23;0.399017;0.552716;-0.000000;0.475866
24;0.386317;0.491292;0.000000;0.438805
25;0.341199;0.462872;0.000000;0.402035
26;0.392715;0.432316;0.000000;0.412515
27;0.441423;0.461221;-0.000000;0.451322
28;0.455087;0.378750;-0.000000;0.416918
29;0.397282;0.578659;0.000000;0.487970
30;0.335423;0.578663;-0.000000;0.457043
31;0.335505;0.348880;-0.000000;0.342193
32;0.345198;0.448360;-0.000000;0.396779
33;0.318412;0.429525;-0.000000;0.373968
34;0.312028;0.364591;-0.000000;0.338310
35;0.300787;0.293433;0.000000;0.297110
36;0.342588;0.268227;0.000000;0.305408
37;0.342125;0.272465;-0.000000;0.307295
38;0.528087;0.239302;0.000000;0.383694
39;0.540678;0.304876;-0.000000;0.422777
40;0.457151;0.378969;-0.000000;0.418060
41;0.371714;0.367364;-0.000000;0.369539
42;0.284430;0.292324;-0.000000;0.288377
43;0.285014;0.281136;0.000000;0.283075
44;0.431793;0.345323;0.000000;0.388558
45;0.429581;0.374907;-0.000000;0.402244
46;0.329970;0.393446;-0.000000;0.361708
47;0.328500;0.422737;0.000000;0.375618
48;0.373167;0.432610;-0.000000;0.402889
49;0.410095;0.492795;-0.000000;0.451445
50;0.433882;0.448486;0.000000;0.441184
51;0.346317;0.416991;-0.000000;0.381654
52;0.282502;0.371168;0.000000;0.326835
53;0.339126;0.347032;0.000000;0.343079
54;0.351298;0.323280;0.000000;0.337289
55;0.408595;0.360752;-0.000000;0.384673
56;0.417318;0.337382;0.000000;0.377350
57;0.401568;0.247283;-0.000000;0.324425
58;0.317198;0.192279;-0.000000;0.254738
59;0.329471;0.199988;-0.000000;0.264729
60;0.333515;0.179044;-0.000000;0.256279
61;0.321903;0.158957;0.000000;0.240430
62;0.291824;0.155428;0.000000;0.223626
63;0.267298;0.243421;0.000000;0.255359
64;0.239162;0.256576;-0.000000;0.247869
65;0.236700;0.214002;-0.000000;0.225351
66;0.250494;0.225598;-0.000000;0.238046
67;0.242772;0.243875;-0.000000;0.243323
68;0.294997;0.244707;-0.000000;0.269852
69;0.289818;0.255309;0.000000;0.272564
70;0.243269;0.253651;0.000000;0.248460
71;0.242526;0.257861;0.000000;0.250194
72;0.258922;0.257330;0.000000;0.258126
73;0.296037;0.273527;0.000000;0.284782
74;0.310416;0.266560;0.000000;0.288488
75;0.276468;0.216969;-0.000000;0.246718
76;0.282383;0.290657;0.000000;0.286520
77;0.256798;0.293350;-0.000000;0.275074
78;0.304478;0.271455;0.000000;0.287966
79;0.311323;0.272265;-0.000000;0.291794
80;0.286019;0.278663;-0.000000;0.282341
81;0.335988;0.298811;0.000000;0.317400
82;0.328706;0.325940;0.000000;0.327323
83;0.372844;0.282424;-0.000000;0.327634
84;0.291731;0.290724;-0.000000;0.291227
85;0.321853;0.327509;-0.000000;0.324681
86;0.322889;0.306242;0.000000;0.314566
87;0.290290;0.371730;-0.000000;0.331010
88;0.262177;0.375729;-0.000000;0.318953
89;0.257022;0.379755;0.000000;0.318388
90;0.259990;0.376558;-0.000000;0.318274
91;0.350549;0.403355;-0.000000;0.376952
92;0.363184;0.428203;0.000000;0.395694
93;0.362502;0.389885;-0.000000;0.376194
94;0.282627;0.407420;0.000000;0.345023
95;0.246940;0.367575;-0.000000;0.307258
96;0.315330;0.420417;0.000000;0.367874
97;0.278888;0.395578;0.000000;0.337233
98;0.316329;0.408355;0.000000;0.362342
99;0.369867;0.423645;-0.000000;0.396756
100;0.369349;0.423279;0.000000;0.396314
101;0.406009;0.410531;0.000000;0.408270
102;0.422156;0.464554;-0.000000;0.443355
103;0.453794;0.442307;0.000000;0.448050
104;0.446075;0.416562;-0.000000;0.431318
105;0.452643;0.434110;-0.000000;0.443376
106;0.485100;0.369362;0.000000;0.427231
107;0.480012;0.320581;-0.000000;0.400296
108;0.371974;0.329044;-0.000000;0.350509
109;0.356393;0.354496;0.000000;0.355445
110;0.358184;0.447379;-0.000000;0.402781
111;0.362025;0.472545;0.000000;0.417285
112;0.297489;0.359764;-0.000000;0.328626
113;0.417395;0.324488;-0.000000;0.370942
114;0.438362;0.371872;0.000000;0.405117
115;0.365755;0.375817;-0.000000;0.370786
116;0.366149;0.358965;-0.000000;0.362557
117;0.415690;0.365161;-0.000000;0.390426
118;0.383717;0.374177;-0.000000;0.378947
119;0.298992;0.393946;-0.000000;0.346469
120;0.355945;0.356913;-0.000000;0.356429
121;0.422322;0.340997;0.000000;0.381660
122;0.446385;0.373897;-0.000000;0.410141
123;0.356885;0.352465;-0.000000;0.354675
124;0.419164;0.326535;-0.000000;0.372849
125;0.418118;0.359840;-0.000000;0.388979
126;0.332074;0.384471;-0.000000;0.358273
127;0.286899;0.352877;0.000000;0.319888
128;0.303452;0.250563;-0.000000;0.277008
129;0.321065;0.312626;-0.000000;0.316845
130;0.281628;0.301481;-0.000000;0.291554
131;0.381744;0.250798;0.000000;0.316271
132;0.385635;0.263119;-0.000000;0.324377
133;0.412223;0.299840;0.000000;0.356031
134;0.362312;0.359114;0.000000;0.360713
135;0.382353;0.390430;-0.000000;0.386392
136;0.419904;0.408990;0.000000;0.414447
137;0.429393;0.469031;0.000000;0.449212
138;0.426797;0.502194;-0.000000;0.464495
139;0.444952;0.567643;0.000000;0.506298
140;0.521243;0.610742;-0.000000;0.565992
141;0.545851;0.590386;-0.000000;0.568119
142;0.561728;0.578382;-0.000000;0.570055
143;0.580615;0.628878;-0.000000;0.604747
144;0.590335;0.622777;-0.000000;0.606556
145;0.538882;0.597845;0.000000;0.568363
146;0.537125;0.563802;0.000000;0.550464
147;0.560166;0.540097;-0.000000;0.550132
148;0.583070;0.512867;0.000000;0.547969
149;0.526102;0.442041;0.000000;0.484072
150;0.447511;0.486100;-0.000000;0.466805
151;0.442002;0.438314;0.000000;0.440158
152;0.447955;0.455164;-0.000000;0.451559
153;0.440620;0.437463;0.000000;0.439042
154;0.456052;0.434599;0.000000;0.445326
155;0.484996;0.452766;-0.000000;0.468881
156;0.451701;0.451958;0.000000;0.451829
157;0.444190;0.495920;-0.000000;0.470055
158;0.411203;0.562144;0.000000;0.486673
159;0.485807;0.557401;-0.000000;0.521604
160;0.440058;0.542745;-0.000000;0.491401
161;0.433535;0.507731;-0.000000;0.470633
162;0.437249;0.484211;-0.000000;0.460730
163;0.383430;0.439584;-0.000000;0.411507
164;0.376100;0.441379;0.000000;0.408739
165;0.341848;0.373148;-0.000000;0.357498
166;0.336440;0.460896;0.000000;0.398668
167;0.277228;0.526550;-0.000000;0.401889
168;0.356977;0.405032;-0.000000;0.381005
169;0.295776;0.270157;-0.000000;0.282966
170;0.287353;0.276451;-0.000000;0.281902
171;0.285712;0.252491;0.000000;0.269102
172;0.340133;0.326309;-0.000000;0.333221
173;0.351171;0.372379;0.000000;0.361775
174;0.305095;0.320561;0.000000;0.312828
175;0.292584;0.426452;-0.000000;0.359518
176;0.304872;0.409709;-0.000000;0.357290
177;0.291581;0.383149;0.000000;0.337365
178;0.289591;0.379654;-0.000000;0.334622
179;0.309573;0.383699;0.000000;0.346636
180;0.270916;0.419270;-0.000000;0.345093
181;0.284873;0.337105;0.000000;0.310989
182;0.283518;0.355955;0.000000;0.319736
183;0.280347;0.358474;-0.000000;0.319410
184;0.290769;0.334001;-0.000000;0.312385
185;0.293097;0.417537;0.000000;0.355317
186;0.252348;0.422845;-0.000000;0.337597
187;0.230021;0.373535;0.000000;0.301778
188;0.305134;0.312188;0.000000;0.308661
189;0.277381;0.329185;-0.000000;0.303283
190;0.262651;0.353542;-0.000000;0.308097
191;0.297193;0.324891;0.000000;0.311042
192;0.220409;0.400018;0.000000;0.310213
193;0.289112;0.419106;0.000000;0.354109
194;0.267407;0.227649;0.000000;0.247528
195;0.318834;0.272657;-0.000000;0.295745
196;0.310323;0.312199;-0.000000;0.311261
197;0.337937;0.358038;0.000000;0.347987
198;0.287060;0.317806;-0.000000;0.302433
199;0.261403;0.345395;-0.000000;0.303399
200;0.286819;0.352889;-0.000000;0.319854
201;0.267704;0.372148;-0.000000;0.319926
202;0.305211;0.311094;0.000000;0.308153
203;0.240437;0.348952;-0.000000;0.294695
204;0.250366;0.314401;-0.000000;0.282384
205;0.245169;0.317313;-0.000000;0.281241
206;0.211868;0.295590;0.000000;0.253729
207;0.307073;0.336775;-0.000000;0.321924
208;0.235254;0.270173;0.000000;0.252714
209;0.237371;0.227129;0.000000;0.232250
210;0.249633;0.225457;-0.000000;0.237545
211;0.227069;0.227651;-0.000000;0.227360
212;0.247032;0.218934;-0.000000;0.232983
213;0.253159;0.193504;-0.000000;0.223331
214;0.225157;0.225292;0.000000;0.225225
215;0.196302;0.200113;0.000000;0.198207
216;0.207716;0.205273;-0.000000;0.206494
217;0.183934;0.281126;-0.000000;0.232530
218;0.196589;0.288960;0.000000;0.242774
219;0.254228;0.253579;0.000000;0.253903
220;0.245991;0.229370;0.000000;0.237681
221;0.202239;0.230747;0.000000;0.216493
222;0.210744;0.359091;-0.000000;0.284917
223;0.247481;0.386853;0.000000;0.317167
224;0.429003;0.274759;0.000000;0.351881
225;0.419291;0.288366;0.000000;0.353828
226;0.230005;0.250607;-0.000000;0.240306
227;0.242130;0.224328;0.000000;0.233229
228;0.287513;0.226951;-0.000000;0.257232
229;0.287143;0.221984;0.000000;0.254564
230;0.321323;0.280747;-0.000000;0.301035
231;0.258891;0.282462;-0.000000;0.270676
232;0.277450;0.303891;-0.000000;0.290670
233;0.247834;0.243261;-0.000000;0.245548
234;0.206671;0.207020;-0.000000;0.206845
235;0.204375;0.191643;-0.000000;0.198009
236;0.200504;0.227596;0.000000;0.214050
237;0.313621;0.241089;0.000000;0.277355
238;0.302829;0.267030;-0.000000;0.284929
239;0.266218;0.297763;0.000000;0.281990
240;0.273376;0.330630;-0.000000;0.302003
241;0.254597;0.346077;-0.000000;0.300337
242;0.253787;0.305276;0.000000;0.279532
243;0.258127;0.287664;0.000000;0.272896
244;0.281625;0.332704;-0.000000;0.307164
245;0.258819;0.253496;0.000000;0.256158
246;0.257401;0.306123;0.000000;0.281762
247;0.264390;0.284161;0.000000;0.274276
248;0.270244;0.301163;0.000000;0.285703
249;0.293938;0.290279;0.000000;0.292109
250;0.296227;0.328239;-0.000000;0.312233
251;0.384294;0.354215;0.000000;0.369254
252;0.389839;0.393609;-0.000000;0.391724
253;0.368375;0.346680;-0.000000;0.357527
254;0.347028;0.445797;-0.000000;0.396412
255;0.398451;0.341558;-0.000000;0.370004
256;0.356693;0.354625;-0.000000;0.355659
257;0.351089;0.313190;-0.000000;0.332139
258;0.372914;0.326184;0.000000;0.349549
259;0.320717;0.333932;-0.000000;0.327325
260;0.266634;0.419546;0.000000;0.343090
261;0.295592;0.391420;-0.000000;0.343506
262;0.322380;0.392069;-0.000000;0.357224
263;0.314327;0.370367;-0.000000;0.342347
264;0.306447;0.387384;0.000000;0.346916
265;0.297577;0.393832;0.000000;0.345704
266;0.312238;0.326409;-0.000000;0.319323
267;0.344111;0.292016;0.000000;0.318064
268;0.389704;0.281971;0.000000;0.335838
269;0.375212;0.352403;0.000000;0.363807
270;0.375184;0.306055;-0.000000;0.340620
271;0.357718;0.418666;0.000000;0.388192
272;0.247566;0.373345;-0.000000;0.310455
273;0.349141;0.326108;0.000000;0.337624
274;0.346244;0.231347;-0.000000;0.288795
275;0.287183;0.234139;0.000000;0.260661
276;0.239622;0.330226;-0.000000;0.284924
277;0.267924;0.332977;-0.000000;0.300450
278;0.295071;0.302515;0.000000;0.298793
279;0.316595;0.304953;-0.000000;0.310774
280;0.350458;0.362738;-0.000000;0.356598
281;0.364826;0.400632;0.000000;0.382729
282;0.350078;0.338657;-0.000000;0.344367

MPD Final (Perfis Verticais);0.348464
